216
11 0.0000000000000000e+00 0.0000000000000000e+00 0.0000000000000000e+00
17 2.8481999999999998e+00 0.0000000000000000e+00 0.0000000000000000e+00
11 0.0000000000000000e+00 2.8481999999999998e+00 2.8481999999999998e+00
17 2.8481999999999998e+00 2.8481999999999998e+00 2.8481999999999998e+00
11 2.8481999999999998e+00 0.0000000000000000e+00 2.8481999999999998e+00
17 0.0000000000000000e+00 0.0000000000000000e+00 2.8481999999999998e+00
11 2.8481999999999998e+00 2.8481999999999998e+00 0.0000000000000000e+00
17 0.0000000000000000e+00 2.8481999999999998e+00 0.0000000000000000e+00
11 0.0000000000000000e+00 0.0000000000000000e+00 5.6963999999999997e+00
17 2.8481999999999998e+00 0.0000000000000000e+00 5.6963999999999997e+00
11 0.0000000000000000e+00 2.8481999999999998e+00 8.5445999999999991e+00
17 2.8481999999999998e+00 2.8481999999999998e+00 8.5445999999999991e+00
11 2.8481999999999998e+00 0.0000000000000000e+00 8.5445999999999991e+00
17 0.0000000000000000e+00 0.0000000000000000e+00 8.5445999999999991e+00
11 2.8481999999999998e+00 2.8481999999999998e+00 5.6963999999999997e+00
17 0.0000000000000000e+00 2.8481999999999998e+00 5.6963999999999997e+00
11 0.0000000000000000e+00 0.0000000000000000e+00 1.1392799999999999e+01
17 2.8481999999999998e+00 0.0000000000000000e+00 1.1392799999999999e+01
11 0.0000000000000000e+00 2.8481999999999998e+00 1.4241000000000000e+01
17 2.8481999999999998e+00 2.8481999999999998e+00 1.4241000000000000e+01
11 2.8481999999999998e+00 0.0000000000000000e+00 1.4241000000000000e+01
17 0.0000000000000000e+00 0.0000000000000000e+00 1.4241000000000000e+01
11 2.8481999999999998e+00 2.8481999999999998e+00 1.1392799999999999e+01
17 0.0000000000000000e+00 2.8481999999999998e+00 1.1392799999999999e+01
11 0.0000000000000000e+00 5.6963999999999997e+00 0.0000000000000000e+00
17 2.8481999999999998e+00 5.6963999999999997e+00 0.0000000000000000e+00
11 0.0000000000000000e+00 8.5445999999999991e+00 2.8481999999999998e+00
17 2.8481999999999998e+00 8.5445999999999991e+00 2.8481999999999998e+00
11 2.8481999999999998e+00 5.6963999999999997e+00 2.8481999999999998e+00
17 0.0000000000000000e+00 5.6963999999999997e+00 2.8481999999999998e+00
11 2.8481999999999998e+00 8.5445999999999991e+00 0.0000000000000000e+00
17 0.0000000000000000e+00 8.5445999999999991e+00 0.0000000000000000e+00
11 0.0000000000000000e+00 5.6963999999999997e+00 5.6963999999999997e+00
17 2.8481999999999998e+00 5.6963999999999997e+00 5.6963999999999997e+00
11 0.0000000000000000e+00 8.5445999999999991e+00 8.5445999999999991e+00
17 2.8481999999999998e+00 8.5445999999999991e+00 8.5445999999999991e+00
11 2.8481999999999998e+00 5.6963999999999997e+00 8.5445999999999991e+00
17 0.0000000000000000e+00 5.6963999999999997e+00 8.5445999999999991e+00
11 2.8481999999999998e+00 8.5445999999999991e+00 5.6963999999999997e+00
17 0.0000000000000000e+00 8.5445999999999991e+00 5.6963999999999997e+00
11 0.0000000000000000e+00 5.6963999999999997e+00 1.1392799999999999e+01
17 2.8481999999999998e+00 5.6963999999999997e+00 1.1392799999999999e+01
11 0.0000000000000000e+00 8.5445999999999991e+00 1.4241000000000000e+01
17 2.8481999999999998e+00 8.5445999999999991e+00 1.4241000000000000e+01
11 2.8481999999999998e+00 5.6963999999999997e+00 1.4241000000000000e+01
17 0.0000000000000000e+00 5.6963999999999997e+00 1.4241000000000000e+01
11 2.8481999999999998e+00 8.5445999999999991e+00 1.1392799999999999e+01
17 0.0000000000000000e+00 8.5445999999999991e+00 1.1392799999999999e+01
11 0.0000000000000000e+00 1.1392799999999999e+01 0.0000000000000000e+00
17 2.8481999999999998e+00 1.1392799999999999e+01 0.0000000000000000e+00
11 0.0000000000000000e+00 1.4241000000000000e+01 2.8481999999999998e+00
17 2.8481999999999998e+00 1.4241000000000000e+01 2.8481999999999998e+00
11 2.8481999999999998e+00 1.1392799999999999e+01 2.8481999999999998e+00
17 0.0000000000000000e+00 1.1392799999999999e+01 2.8481999999999998e+00
11 2.8481999999999998e+00 1.4241000000000000e+01 0.0000000000000000e+00
17 0.0000000000000000e+00 1.4241000000000000e+01 0.0000000000000000e+00
11 0.0000000000000000e+00 1.1392799999999999e+01 5.6963999999999997e+00
17 2.8481999999999998e+00 1.1392799999999999e+01 5.6963999999999997e+00
11 0.0000000000000000e+00 1.4241000000000000e+01 8.5445999999999991e+00
17 2.8481999999999998e+00 1.4241000000000000e+01 8.5445999999999991e+00
11 2.8481999999999998e+00 1.1392799999999999e+01 8.5445999999999991e+00
17 0.0000000000000000e+00 1.1392799999999999e+01 8.5445999999999991e+00
11 2.8481999999999998e+00 1.4241000000000000e+01 5.6963999999999997e+00
17 0.0000000000000000e+00 1.4241000000000000e+01 5.6963999999999997e+00
11 0.0000000000000000e+00 1.1392799999999999e+01 1.1392799999999999e+01
17 2.8481999999999998e+00 1.1392799999999999e+01 1.1392799999999999e+01
11 0.0000000000000000e+00 1.4241000000000000e+01 1.4241000000000000e+01
17 2.8481999999999998e+00 1.4241000000000000e+01 1.4241000000000000e+01
11 2.8481999999999998e+00 1.1392799999999999e+01 1.4241000000000000e+01
17 0.0000000000000000e+00 1.1392799999999999e+01 1.4241000000000000e+01
11 2.8481999999999998e+00 1.4241000000000000e+01 1.1392799999999999e+01
17 0.0000000000000000e+00 1.4241000000000000e+01 1.1392799999999999e+01
11 5.6963999999999997e+00 0.0000000000000000e+00 0.0000000000000000e+00
17 8.5445999999999991e+00 0.0000000000000000e+00 0.0000000000000000e+00
11 5.6963999999999997e+00 2.8481999999999998e+00 2.8481999999999998e+00
17 8.5445999999999991e+00 2.8481999999999998e+00 2.8481999999999998e+00
11 8.5445999999999991e+00 0.0000000000000000e+00 2.8481999999999998e+00
17 5.6963999999999997e+00 0.0000000000000000e+00 2.8481999999999998e+00
11 8.5445999999999991e+00 2.8481999999999998e+00 0.0000000000000000e+00
17 5.6963999999999997e+00 2.8481999999999998e+00 0.0000000000000000e+00
11 5.6963999999999997e+00 0.0000000000000000e+00 5.6963999999999997e+00
17 8.5445999999999991e+00 0.0000000000000000e+00 5.6963999999999997e+00
11 5.6963999999999997e+00 2.8481999999999998e+00 8.5445999999999991e+00
17 8.5445999999999991e+00 2.8481999999999998e+00 8.5445999999999991e+00
11 8.5445999999999991e+00 0.0000000000000000e+00 8.5445999999999991e+00
17 5.6963999999999997e+00 0.0000000000000000e+00 8.5445999999999991e+00
11 8.5445999999999991e+00 2.8481999999999998e+00 5.6963999999999997e+00
17 5.6963999999999997e+00 2.8481999999999998e+00 5.6963999999999997e+00
11 5.6963999999999997e+00 0.0000000000000000e+00 1.1392799999999999e+01
17 8.5445999999999991e+00 0.0000000000000000e+00 1.1392799999999999e+01
11 5.6963999999999997e+00 2.8481999999999998e+00 1.4241000000000000e+01
17 8.5445999999999991e+00 2.8481999999999998e+00 1.4241000000000000e+01
11 8.5445999999999991e+00 0.0000000000000000e+00 1.4241000000000000e+01
17 5.6963999999999997e+00 0.0000000000000000e+00 1.4241000000000000e+01
11 8.5445999999999991e+00 2.8481999999999998e+00 1.1392799999999999e+01
17 5.6963999999999997e+00 2.8481999999999998e+00 1.1392799999999999e+01
11 5.6963999999999997e+00 5.6963999999999997e+00 0.0000000000000000e+00
17 8.5445999999999991e+00 5.6963999999999997e+00 0.0000000000000000e+00
11 5.6963999999999997e+00 8.5445999999999991e+00 2.8481999999999998e+00
17 8.5445999999999991e+00 8.5445999999999991e+00 2.8481999999999998e+00
11 8.5445999999999991e+00 5.6963999999999997e+00 2.8481999999999998e+00
17 5.6963999999999997e+00 5.6963999999999997e+00 2.8481999999999998e+00
11 8.5445999999999991e+00 8.5445999999999991e+00 0.0000000000000000e+00
17 5.6963999999999997e+00 8.5445999999999991e+00 0.0000000000000000e+00
11 5.6963999999999997e+00 5.6963999999999997e+00 5.6963999999999997e+00
17 8.5445999999999991e+00 5.6963999999999997e+00 5.6963999999999997e+00
11 5.6963999999999997e+00 8.5445999999999991e+00 8.5445999999999991e+00
17 8.5445999999999991e+00 8.5445999999999991e+00 8.5445999999999991e+00
11 8.5445999999999991e+00 5.6963999999999997e+00 8.5445999999999991e+00
17 5.6963999999999997e+00 5.6963999999999997e+00 8.5445999999999991e+00
11 8.5445999999999991e+00 8.5445999999999991e+00 5.6963999999999997e+00
17 5.6963999999999997e+00 8.5445999999999991e+00 5.6963999999999997e+00
11 5.6963999999999997e+00 5.6963999999999997e+00 1.1392799999999999e+01
17 8.5445999999999991e+00 5.6963999999999997e+00 1.1392799999999999e+01
11 5.6963999999999997e+00 8.5445999999999991e+00 1.4241000000000000e+01
17 8.5445999999999991e+00 8.5445999999999991e+00 1.4241000000000000e+01
11 8.5445999999999991e+00 5.6963999999999997e+00 1.4241000000000000e+01
17 5.6963999999999997e+00 5.6963999999999997e+00 1.4241000000000000e+01
11 8.5445999999999991e+00 8.5445999999999991e+00 1.1392799999999999e+01
17 5.6963999999999997e+00 8.5445999999999991e+00 1.1392799999999999e+01
11 5.6963999999999997e+00 1.1392799999999999e+01 0.0000000000000000e+00
17 8.5445999999999991e+00 1.1392799999999999e+01 0.0000000000000000e+00
11 5.6963999999999997e+00 1.4241000000000000e+01 2.8481999999999998e+00
17 8.5445999999999991e+00 1.4241000000000000e+01 2.8481999999999998e+00
11 8.5445999999999991e+00 1.1392799999999999e+01 2.8481999999999998e+00
17 5.6963999999999997e+00 1.1392799999999999e+01 2.8481999999999998e+00
11 8.5445999999999991e+00 1.4241000000000000e+01 0.0000000000000000e+00
17 5.6963999999999997e+00 1.4241000000000000e+01 0.0000000000000000e+00
11 5.6963999999999997e+00 1.1392799999999999e+01 5.6963999999999997e+00
17 8.5445999999999991e+00 1.1392799999999999e+01 5.6963999999999997e+00
11 5.6963999999999997e+00 1.4241000000000000e+01 8.5445999999999991e+00
17 8.5445999999999991e+00 1.4241000000000000e+01 8.5445999999999991e+00
11 8.5445999999999991e+00 1.1392799999999999e+01 8.5445999999999991e+00
17 5.6963999999999997e+00 1.1392799999999999e+01 8.5445999999999991e+00
11 8.5445999999999991e+00 1.4241000000000000e+01 5.6963999999999997e+00
17 5.6963999999999997e+00 1.4241000000000000e+01 5.6963999999999997e+00
11 5.6963999999999997e+00 1.1392799999999999e+01 1.1392799999999999e+01
17 8.5445999999999991e+00 1.1392799999999999e+01 1.1392799999999999e+01
11 5.6963999999999997e+00 1.4241000000000000e+01 1.4241000000000000e+01
17 8.5445999999999991e+00 1.4241000000000000e+01 1.4241000000000000e+01
11 8.5445999999999991e+00 1.1392799999999999e+01 1.4241000000000000e+01
17 5.6963999999999997e+00 1.1392799999999999e+01 1.4241000000000000e+01
11 8.5445999999999991e+00 1.4241000000000000e+01 1.1392799999999999e+01
17 5.6963999999999997e+00 1.4241000000000000e+01 1.1392799999999999e+01
11 1.1392799999999999e+01 0.0000000000000000e+00 0.0000000000000000e+00
17 1.4241000000000000e+01 0.0000000000000000e+00 0.0000000000000000e+00
11 1.1392799999999999e+01 2.8481999999999998e+00 2.8481999999999998e+00
17 1.4241000000000000e+01 2.8481999999999998e+00 2.8481999999999998e+00
11 1.4241000000000000e+01 0.0000000000000000e+00 2.8481999999999998e+00
17 1.1392799999999999e+01 0.0000000000000000e+00 2.8481999999999998e+00
11 1.4241000000000000e+01 2.8481999999999998e+00 0.0000000000000000e+00
17 1.1392799999999999e+01 2.8481999999999998e+00 0.0000000000000000e+00
11 1.1392799999999999e+01 0.0000000000000000e+00 5.6963999999999997e+00
17 1.4241000000000000e+01 0.0000000000000000e+00 5.6963999999999997e+00
11 1.1392799999999999e+01 2.8481999999999998e+00 8.5445999999999991e+00
17 1.4241000000000000e+01 2.8481999999999998e+00 8.5445999999999991e+00
11 1.4241000000000000e+01 0.0000000000000000e+00 8.5445999999999991e+00
17 1.1392799999999999e+01 0.0000000000000000e+00 8.5445999999999991e+00
11 1.4241000000000000e+01 2.8481999999999998e+00 5.6963999999999997e+00
17 1.1392799999999999e+01 2.8481999999999998e+00 5.6963999999999997e+00
11 1.1392799999999999e+01 0.0000000000000000e+00 1.1392799999999999e+01
17 1.4241000000000000e+01 0.0000000000000000e+00 1.1392799999999999e+01
11 1.1392799999999999e+01 2.8481999999999998e+00 1.4241000000000000e+01
17 1.4241000000000000e+01 2.8481999999999998e+00 1.4241000000000000e+01
11 1.4241000000000000e+01 0.0000000000000000e+00 1.4241000000000000e+01
17 1.1392799999999999e+01 0.0000000000000000e+00 1.4241000000000000e+01
11 1.4241000000000000e+01 2.8481999999999998e+00 1.1392799999999999e+01
17 1.1392799999999999e+01 2.8481999999999998e+00 1.1392799999999999e+01
11 1.1392799999999999e+01 5.6963999999999997e+00 0.0000000000000000e+00
17 1.4241000000000000e+01 5.6963999999999997e+00 0.0000000000000000e+00
11 1.1392799999999999e+01 8.5445999999999991e+00 2.8481999999999998e+00
17 1.4241000000000000e+01 8.5445999999999991e+00 2.8481999999999998e+00
11 1.4241000000000000e+01 5.6963999999999997e+00 2.8481999999999998e+00
17 1.1392799999999999e+01 5.6963999999999997e+00 2.8481999999999998e+00
11 1.4241000000000000e+01 8.5445999999999991e+00 0.0000000000000000e+00
17 1.1392799999999999e+01 8.5445999999999991e+00 0.0000000000000000e+00
11 1.1392799999999999e+01 5.6963999999999997e+00 5.6963999999999997e+00
17 1.4241000000000000e+01 5.6963999999999997e+00 5.6963999999999997e+00
11 1.1392799999999999e+01 8.5445999999999991e+00 8.5445999999999991e+00
17 1.4241000000000000e+01 8.5445999999999991e+00 8.5445999999999991e+00
11 1.4241000000000000e+01 5.6963999999999997e+00 8.5445999999999991e+00
17 1.1392799999999999e+01 5.6963999999999997e+00 8.5445999999999991e+00
11 1.4241000000000000e+01 8.5445999999999991e+00 5.6963999999999997e+00
17 1.1392799999999999e+01 8.5445999999999991e+00 5.6963999999999997e+00
11 1.1392799999999999e+01 5.6963999999999997e+00 1.1392799999999999e+01
17 1.4241000000000000e+01 5.6963999999999997e+00 1.1392799999999999e+01
11 1.1392799999999999e+01 8.5445999999999991e+00 1.4241000000000000e+01
17 1.4241000000000000e+01 8.5445999999999991e+00 1.4241000000000000e+01
11 1.4241000000000000e+01 5.6963999999999997e+00 1.4241000000000000e+01
17 1.1392799999999999e+01 5.6963999999999997e+00 1.4241000000000000e+01
11 1.4241000000000000e+01 8.5445999999999991e+00 1.1392799999999999e+01
17 1.1392799999999999e+01 8.5445999999999991e+00 1.1392799999999999e+01
11 1.1392799999999999e+01 1.1392799999999999e+01 0.0000000000000000e+00
17 1.4241000000000000e+01 1.1392799999999999e+01 0.0000000000000000e+00
11 1.1392799999999999e+01 1.4241000000000000e+01 2.8481999999999998e+00
17 1.4241000000000000e+01 1.4241000000000000e+01 2.8481999999999998e+00
11 1.4241000000000000e+01 1.1392799999999999e+01 2.8481999999999998e+00
17 1.1392799999999999e+01 1.1392799999999999e+01 2.8481999999999998e+00
11 1.4241000000000000e+01 1.4241000000000000e+01 0.0000000000000000e+00
17 1.1392799999999999e+01 1.4241000000000000e+01 0.0000000000000000e+00
11 1.1392799999999999e+01 1.1392799999999999e+01 5.6963999999999997e+00
17 1.4241000000000000e+01 1.1392799999999999e+01 5.6963999999999997e+00
11 1.1392799999999999e+01 1.4241000000000000e+01 8.5445999999999991e+00
17 1.4241000000000000e+01 1.4241000000000000e+01 8.5445999999999991e+00
11 1.4241000000000000e+01 1.1392799999999999e+01 8.5445999999999991e+00
17 1.1392799999999999e+01 1.1392799999999999e+01 8.5445999999999991e+00
11 1.4241000000000000e+01 1.4241000000000000e+01 5.6963999999999997e+00
17 1.1392799999999999e+01 1.4241000000000000e+01 5.6963999999999997e+00
11 1.1392799999999999e+01 1.1392799999999999e+01 1.1392799999999999e+01
17 1.4241000000000000e+01 1.1392799999999999e+01 1.1392799999999999e+01
11 1.1392799999999999e+01 1.4241000000000000e+01 1.4241000000000000e+01
17 1.4241000000000000e+01 1.4241000000000000e+01 1.4241000000000000e+01
11 1.4241000000000000e+01 1.1392799999999999e+01 1.4241000000000000e+01
17 1.1392799999999999e+01 1.1392799999999999e+01 1.4241000000000000e+01
11 1.4241000000000000e+01 1.4241000000000000e+01 1.1392799999999999e+01
17 1.1392799999999999e+01 1.4241000000000000e+01 1.1392799999999999e+01
1.7089199999999998e+01 0.0000000000000000e+00 0.0000000000000000e+00
0.0000000000000000e+00 1.7089199999999998e+01 0.0000000000000000e+00
0.0000000000000000e+00 0.0000000000000000e+00 1.7089199999999998e+01
