64
11 6.2865110546696653e-03 -6.6052431645650944e-03 3.2021132522164104e-02
17 2.8252450058576519e+00 -2.6783468658055549e-02 1.8079752745474239e-02
11 6.5200002256506864e-02 2.8673540481564621e+00 2.7848132382096500e+00
17 2.7567289264476971e+00 2.7888362768731323e+00 2.8220662989673619e+00
11 2.7037484612680580e+00 -1.0939583196627287e-02 2.7577044526373466e+00
17 -3.6613367735172583e-02 -2.7212949142865497e-02 2.8041849921815420e+00
11 2.8405815268187067e+00 2.8721256684721337e+00 -6.4267331472017131e-03
17 6.8323173527484293e-02 2.7867402663256691e+00 1.7575503504650987e-02
11 4.5173509082590435e-02 4.7006148880437285e-03 5.6028250375323090e+00
17 2.7739137311870787e+00 -2.2886291283366958e-02 5.6510097561735018e+00
11 -5.0480909176936796e-02 2.8095412212564144e+00 8.4520387495042755e+00
17 2.8470422792342904e+00 2.8307329561253169e+00 8.4777686354519943e+00
11 2.7873085695290829e+00 -6.4806816846384729e-03 8.4991987735030659e+00
17 7.4671557261038038e-02 -6.2953276605206013e-02 8.5356961887369529e+00
11 2.8872937711891149e+00 2.8590655700350212e+00 5.6532227815164653e+00
17 -1.5696140726821389e-02 2.8929010341768477e+00 5.7380129158224982e+00
11 9.0081743493306263e-02 5.7057551882367186e+00 1.7869020532947800e-02
17 2.7595840683858914e+00 5.6397772933439958e+00 3.2823746753816795e-02
11 -6.4418073187477720e-02 8.4797561030091000e+00 2.8414931847411111e+00
17 2.8548021361981433e+00 8.4007941016621395e+00 2.7869148713980483e+00
11 2.7981782376428388e+00 5.5815099046113561e+00 2.9069683938565065e+00
17 -2.4795536422107595e-02 5.6564484814730100e+00 2.8070713727263037e+00
11 2.8991736439401059e+00 8.5260180493540911e+00 3.1667631141245760e-02
17 -1.1017549403233254e-01 8.4626014487129932e+00 3.4184309538826722e-02
11 5.0198078792108483e-02 5.6091046477646200e+00 5.7311005681664158e+00
17 2.7539784514993353e+00 5.6069235989092387e+00 5.6867524994057010e+00
11 2.4527306912655832e-03 8.5601196291822621e+00 8.4694259596256227e+00
17 2.7883402954903884e+00 8.4411218247383584e+00 8.4054426941190385e+00
11 2.7561159916806695e+00 5.6715205745384116e+00 8.4890582906206387e+00
17 6.4727940972055850e-02 5.6022697104370032e+00 8.5444553726221830e+00
11 2.8056306146095666e+00 8.5387204139422277e+00 5.6183607076408695e+00
17 -3.6774164617113754e-02 8.4724892685779327e+00 5.6915726542434735e+00
11 5.6480504788357671e+00 -2.9276441206166834e-02 -6.7060985703833453e-02
17 8.3899239892541271e+00 2.5134142493743284e-02 4.9485651664290253e-02
11 5.6317852703687352e+00 2.7662817570885783e+00 2.8636521076310850e+00
17 8.3959803027642703e+00 2.7843465952470363e+00 2.8510508926770046e+00
11 8.3474929413212688e+00 1.9318479878315295e-02 2.7909179581795245e+00
17 5.6454639848738903e+00 -3.7850763110411560e-03 2.8301057197521979e+00
11 8.4947085968353502e+00 2.7820815124550795e+00 7.1049101115595814e-02
17 5.6763046894473881e+00 2.8621866331151633e+00 5.8243199055551413e-02
11 5.6793794110852929e+00 4.2203934028929607e-02 5.6437796805371443e+00
17 8.3886613074505121e+00 -6.7522550018506962e-03 5.6015242679911648e+00
11 5.5688629115742287e+00 2.8329226395456493e+00 8.4315725272926176e+00
17 8.4085097780994253e+00 2.7678499459964216e+00 8.4734208539854450e+00
11 8.4779335974585166e+00 6.6122873488341657e-02 8.4593042665737936e+00
17 5.6920919879606409e+00 7.0113241338626120e-02 8.5175082818074834e+00
11 8.3417348046861513e+00 2.8814341859601709e+00 5.6569810004124319e+00
17 5.6611885676426672e+00 2.8385613708868127e+00 5.6591378580135379e+00
11 5.6559707110126185e+00 5.6220543345730682e+00 -9.5081764918799730e-02
17 8.4545542636046278e+00 5.5998134075739658e+00 5.4008170626894260e-02
11 5.6255616747002311e+00 8.4641737678053488e+00 2.7775197022194926e+00
17 8.4344688766050933e+00 8.4594233469156705e+00 2.7457312407868226e+00
11 8.4750342557147302e+00 5.6346963873276126e+00 2.7607140097497380e+00
17 5.5200883567301116e+00 5.6656526066940147e+00 2.8051207980528332e+00
11 8.4334995793390917e+00 8.4481922685073521e+00 9.0823797044057200e-02
17 5.6375099515470177e+00 8.4643309631494255e+00 -7.4353643483769910e-02
11 5.7223669533178043e+00 5.6858743991722145e+00 5.6933467433502587e+00
17 8.4623836365605829e+00 5.6858327394412296e+00 5.6585473417547201e+00
11 5.6706594538929496e+00 8.4523903520795844e+00 8.3863056025979006e+00
17 8.5114427173901586e+00 8.3632520181695131e+00 8.4480031664370969e+00
11 8.4497738755800160e+00 5.5878569929507744e+00 8.4906561568168275e+00
17 5.6299835149295214e+00 5.6181565837201353e+00 8.4859920865488814e+00
11 8.4361710479720777e+00 8.5294489987419144e+00 5.6575727538093652e+00
17 5.6162833506582777e+00 8.3627867512007210e+00 5.5746123401549426e+00
1.1279999999999999e+01 0.0000000000000000e+00 0.0000000000000000e+00 0.0000000000000000e+00 1.1279999999999999e+01 0.0000000000000000e+00 0.0000000000000000e+00 0.0000000000000000e+00 1.1279999999999999e+01
