64 2048
11 0.00628651 -0.00660524 0.0320211
17 2.82524 -0.0267835 0.0180798
11 0.0652 2.86735 2.78481
17 2.75673 2.78884 2.82207
11 2.70375 -0.0109396 2.7577
17 -0.0366134 -0.0272129 2.80418
11 2.84058 2.87213 -0.00642673
17 0.0683232 2.78674 0.0175755
11 0.0451735 0.00470062 5.60283
17 2.77391 -0.0228863 5.65101
11 -0.0504809 2.80954 8.45204
17 2.84704 2.83073 8.47777
11 2.78731 -0.00648068 8.4992
17 0.0746716 -0.0629533 8.5357
11 2.88729 2.85907 5.65322
17 -0.0156961 2.8929 5.73801
11 0.0900817 5.70576 0.017869
17 2.75958 5.63978 0.0328237
11 -0.0644181 8.47976 2.84149
17 2.8548 8.40079 2.78691
11 2.79818 5.58151 2.90697
17 -0.0247955 5.65645 2.80707
11 2.89917 8.52602 0.0316676
17 -0.110175 8.4626 0.0341843
11 0.0501981 5.6091 5.7311
17 2.75398 5.60692 5.68675
11 0.00245273 8.56012 8.46943
17 2.78834 8.44112 8.40544
11 2.75612 5.67152 8.48906
17 0.0647279 5.60227 8.54446
11 2.80563 8.53872 5.61836
17 -0.0367742 8.47249 5.69157
11 5.64805 -0.0292764 -0.067061
17 8.38992 0.0251341 0.0494856
11 5.63179 2.76628 2.86365
17 8.39598 2.78435 2.85105
11 8.34749 0.0193185 2.79092
17 5.64546 -0.00378508 2.83011
11 8.49471 2.78208 0.0710491
17 5.6763 2.86219 0.0582432
11 5.67938 0.0422039 5.64378
17 8.38866 -0.00675225 5.60152
11 5.56886 2.83292 8.43157
17 8.40851 2.76785 8.47342
11 8.47793 0.0661229 8.4593
17 5.69209 0.0701132 8.51751
11 8.34173 2.88143 5.65698
17 5.66119 2.83856 5.65914
11 5.65597 5.62205 -0.0950818
17 8.45455 5.59981 0.0540082
11 5.62556 8.46417 2.77752
17 8.43447 8.45942 2.74573
11 8.47503 5.6347 2.76071
17 5.52009 5.66565 2.80512
11 8.4335 8.44819 0.0908238
17 5.63751 8.46433 -0.0743536
11 5.72237 5.68587 5.69335
17 8.46238 5.68583 5.65855
11 5.67066 8.45239 8.38631
17 8.51144 8.36325 8.448
11 8.44977 5.58786 8.49066
17 5.62998 5.61816 8.48599
11 8.43617 8.52945 5.65757
17 5.61628 8.36279 5.57461
11.28 0 0
0 11.28 0
0 0 11.28
5 0 -1 0 0
13 0 0 0 -1
7 0 0 1 0
23 0 -1 0 0
1 0 0 0 0
33 0 -1 1 0
4 0 0 0 0
26 0 0 0 -1
38 0 -1 1 0
12 0 0 0 -1
18 0 -1 0 0
2 0 0 1 0
22 0 0 0 0
44 0 -1 1 -1
10 0 -1 1 -1
54 0 -1 0 0
36 0 -1 1 0
6 0 0 1 -1
3 0 0 1 0
51 0 -1 0 0
19 0 0 0 0
43 0 -1 1 -1
35 0 -1 1 0
11 0 0 1 -1
27 0 0 0 -1
59 0 -1 0 -1
16 0 0 0 0
8 0 0 1 0
32 0 -1 0 -1
32 0 0 0 -1
8 0 0 1 -1
16 0 0 1 0
22 1 0 0 0
4 1 0 0 0
12 1 0 0 -1
0 1 0 0 0
32 1 0 0 -1
6 1 0 1 -1
13 1 0 0 -1
7 1 0 1 0
55 1 0 0 -1
3 1 0 1 0
19 1 0 0 0
37 1 0 0 0
5 1 -1 0 0
45 1 0 1 -1
11 1 0 1 -1
27 1 0 0 -1
23 1 -1 0 0
39 1 0 1 0
26 1 0 0 -1
50 1 0 0 0
2 1 0 1 0
34 1 0 1 0
42 1 0 1 -1
18 1 -1 0 0
10 1 -1 1 -1
58 1 0 0 -1
33 1 0 1 0
17 1 0 0 0
9 1 0 0 0
9 1 0 0 -1
17 1 0 1 0
33 1 -1 1 0
3 2 0 0 0
7 2 0 0 0
21 2 -1 0 0
5 2 -1 -1 0
35 2 -1 0 0
15 2 -1 0 0
20 2 0 0 0
4 2 0 -1 0
6 2 0 0 -1
38 2 -1 0 0
16 2 0 0 0
0 2 0 -1 0
52 2 -1 0 0
8 2 0 0 0
14 2 0 0 0
24 2 0 0 0
36 2 -1 0 0
46 2 -1 0 0
17 2 0 0 0
25 2 0 0 0
49 2 -1 0 0
1 2 0 -1 0
9 2 0 -1 0
33 2 -1 0 0
57 2 -1 0 0
41 2 -1 -1 0
34 2 0 0 0
18 2 -1 0 0
10 2 -1 0 -1
10 2 -1 0 0
18 2 -1 -1 0
34 2 -1 0 0
2 3 0 0 0
20 3 0 0 0
4 3 0 -1 0
6 3 0 0 -1
14 3 0 0 0
34 3 0 0 0
7 3 0 0 0
5 3 -1 -1 0
1 3 0 -1 0
17 3 0 0 0
9 3 0 -1 0
53 3 0 0 0
21 3 -1 0 0
37 3 0 -1 0
25 3 0 0 0
39 3 0 0 0
15 3 -1 0 0
47 3 0 0 0
8 3 0 0 0
0 3 0 -1 0
16 3 0 0 0
24 3 0 0 0
40 3 0 0 0
32 3 0 -1 -1
48 3 0 0 -1
56 3 0 0 0
19 3 0 0 0
11 3 0 0 -1
35 3 0 0 0
35 3 -1 0 0
11 3 0 0 0
19 3 0 -1 0
5 4 -1 0 0
1 4 0 0 0
3 4 0 1 0
19 4 0 0 0
9 4 0 0 0
37 4 0 0 0
0 4 0 0 0
22 4 0 0 0
8 4 0 1 0
2 4 0 1 0
18 4 -1 0 0
30 4 0 0 0
6 4 0 1 -1
34 4 0 1 0
50 4 0 0 0
32 4 0 0 -1
14 4 0 1 0
40 4 0 1 0
7 4 0 1 0
23 4 -1 0 0
31 4 -1 0 0
39 4 0 1 0
55 4 0 0 -1
15 4 -1 1 0
63 4 0 0 0
47 4 0 1 0
12 4 0 0 -1
20 4 0 1 0
36 4 -1 1 0
36 4 0 1 0
20 4 0 0 0
12 4 0 0 0
4 5 1 0 0
0 5 1 0 0
18 5 0 0 0
8 5 1 1 0
36 5 0 1 0
2 5 1 1 0
23 5 0 0 0
7 5 1 1 0
51 5 0 0 0
3 5 1 1 0
33 5 0 1 0
1 5 1 0 0
41 5 0 0 0
9 5 1 0 0
35 5 0 1 0
31 5 0 0 0
19 5 1 0 0
15 5 0 1 0
38 5 0 1 0
54 5 0 0 0
30 5 1 0 0
62 5 0 0 0
22 5 1 0 0
6 5 1 1 -1
14 5 1 1 0
46 5 0 1 0
13 5 1 0 -1
21 5 0 0 0
37 5 0 0 0
37 5 1 0 0
21 5 0 1 0
13 5 1 0 0
17 6 0 0 1
7 6 0 0 1
11 6 0 0 0
3 6 0 0 1
39 6 0 0 1
1 6 0 -1 1
2 6 0 0 1
48 6 0 0 0
42 6 0 0 0
16 6 0 0 1
28 6 0 0 0
20 6 0 0 1
4 6 0 -1 1
12 6 0 -1 0
34 6 0 0 1
32 6 0 -1 0
0 6 0 -1 1
10 6 -1 0 0
29 6 0 0 0
53 6 0 0 1
61 6 0 0 0
45 6 0 0 0
13 6 0 -1 0
21 6 -1 0 1
37 6 0 -1 1
5 6 -1 -1 1
14 6 0 0 0
22 6 0 -1 1
38 6 -1 0 1
22 6 0 0 1
38 6 0 0 1
14 6 0 0 1
2 7 0 0 0
6 7 0 0 -1
0 7 0 -1 0
10 7 -1 0 -1
38 7 -1 0 0
16 7 0 0 0
3 7 0 0 0
17 7 0 0 0
29 7 0 0 -1
1 7 0 -1 0
11 7 0 0 -1
5 7 -1 -1 0
13 7 0 -1 -1
21 7 -1 0 0
49 7 -1 0 0
33 7 -1 0 0
43 7 -1 0 -1
35 7 -1 0 0
4 7 0 -1 0
12 7 0 -1 -1
28 7 0 0 -1
20 7 0 0 0
44 7 -1 0 -1
52 7 -1 0 0
60 7 -1 0 -1
36 7 -1 0 0
15 7 -1 0 -1
23 7 -1 -1 0
39 7 0 0 0
39 7 -1 0 0
23 7 -1 0 0
15 7 -1 0 0
9 8 0 -1 0
5 8 -1 -1 0
31 8 -1 -1 0
15 8 -1 0 0
13 8 0 -1 0
41 8 -1 -1 0
30 8 0 -1 0
4 8 0 -1 0
18 8 -1 -1 0
26 8 0 -1 0
12 8 0 -1 0
62 8 -1 -1 0
10 8 -1 0 0
2 8 0 0 0
14 8 0 0 0
44 8 -1 0 0
36 8 -1 0 0
46 8 -1 0 0
3 8 0 0 0
27 8 0 -1 0
35 8 -1 0 0
11 8 0 0 0
19 8 0 -1 0
43 8 -1 0 0
51 8 -1 -1 0
59 8 -1 -1 0
0 8 0 -1 0
24 8 0 0 0
40 8 0 0 0
40 8 -1 0 0
24 8 0 -1 0
0 8 0 -1 1
30 9 0 0 0
8 9 0 1 0
12 9 0 0 0
14 9 0 1 0
4 9 0 0 0
40 9 0 1 0
27 9 0 0 0
13 9 0 0 0
31 9 -1 0 0
3 9 0 1 0
5 9 -1 0 0
11 9 0 1 0
37 9 0 0 0
15 9 -1 1 0
19 9 0 0 0
63 9 0 0 0
47 9 0 1 0
45 9 0 1 0
26 9 0 0 0
18 9 -1 0 0
42 9 0 1 0
34 9 0 1 0
58 9 0 0 0
10 9 -1 1 0
2 9 0 1 0
50 9 0 0 0
41 9 0 0 0
25 9 0 1 0
1 9 0 0 0
1 9 0 0 1
25 9 0 0 0
41 9 -1 0 0
15 10 0 0 0
29 10 1 0 0
43 10 0 0 0
7 10 1 0 1
13 10 1 -1 0
11 10 1 0 0
44 10 0 0 0
24 10 1 0 0
60 10 0 0 0
38 10 0 0 1
12 10 1 -1 0
8 10 1 0 0
28 10 1 0 0
0 10 1 -1 1
46 10 0 0 0
6 10 1 0 0
14 10 1 0 0
16 10 1 0 1
25 10 1 0 0
57 10 0 0 0
49 10 0 0 1
9 10 1 -1 0
17 10 1 0 1
33 10 0 0 1
41 10 0 -1 0
1 10 1 -1 1
26 10 1 -1 0
2 10 1 0 1
42 10 1 0 0
42 10 0 0 0
2 10 1 0 0
26 10 1 0 0
42 11 0 0 0
6 11 0 0 0
14 11 0 0 0
12 11 0 -1 0
28 11 0 0 0
10 11 -1 0 0
29 11 0 0 0
25 11 0 0 0
61 11 0 0 0
7 11 0 0 1
15 11 -1 0 0
45 11 0 0 0
47 11 0 0 0
17 11 0 0 1
13 11 0 -1 0
1 11 0 -1 1
9 11 0 -1 0
39 11 0 0 1
48 11 0 0 0
24 11 0 0 0
32 11 0 -1 0
16 11 0 0 1
40 11 0 0 0
8 11 0 0 0
0 11 0 -1 1
56 11 0 0 0
43 11 0 0 0
27 11 0 0 0
3 11 0 0 1
3 11 0 0 0
27 11 0 -1 0
43 11 -1 0 0
13 12 0 0 0
1 12 0 0 1
27 12 0 0 0
11 12 0 1 0
9 12 0 0 0
45 12 0 1 0
26 12 0 0 0
22 12 0 0 1
32 12 0 0 0
0 12 0 0 1
30 12 0 0 0
42 12 0 1 0
8 12 0 1 0
10 12 -1 1 0
6 12 0 1 0
58 12 0 0 0
14 12 0 1 0
40 12 0 1 0
7 12 0 1 1
55 12 0 0 0
31 12 -1 0 0
15 12 -1 1 0
23 12 -1 0 1
47 12 0 1 0
39 12 0 1 1
63 12 0 0 0
4 12 0 0 1
44 12 -1 1 0
28 12 0 0 0
28 12 0 1 0
44 12 0 1 0
4 12 0 0 0
26 13 0 0 0
12 13 0 0 0
0 13 0 0 1
10 13 -1 1 0
44 13 -1 1 0
8 13 0 1 0
27 13 0 0 0
1 13 0 0 1
23 13 -1 0 1
9 13 0 0 0
31 13 -1 0 0
7 13 0 1 1
11 13 0 1 0
59 13 -1 0 0
15 13 -1 1 0
33 13 -1 1 1
43 13 -1 1 0
41 13 -1 0 0
22 13 0 0 1
30 13 0 0 0
6 13 0 1 0
62 13 -1 0 0
38 13 -1 1 1
54 13 -1 0 1
14 13 0 1 0
46 13 -1 1 0
5 13 -1 0 1
29 13 0 0 0
45 13 0 1 0
45 13 -1 1 0
29 13 0 1 0
5 13 -1 0 0
25 14 0 0 0
47 14 0 0 0
11 14 0 0 0
3 14 0 0 0
9 14 0 -1 0
15 14 -1 0 0
42 14 0 0 0
20 14 0 0 0
34 14 0 0 0
24 14 0 0 0
40 14 0 0 0
28 14 0 0 0
56 14 0 0 0
2 14 0 0 0
8 14 0 0 0
12 14 0 -1 0
10 14 -1 0 0
4 14 0 -1 0
53 14 0 0 0
61 14 0 0 0
37 14 0 -1 0
45 14 0 0 0
29 14 0 0 0
21 14 -1 0 0
13 14 0 -1 0
5 14 -1 -1 0
46 14 0 0 0
30 14 0 -1 0
6 14 0 0 0
6 14 0 0 -1
30 14 0 0 0
46 14 -1 0 0
10 15 0 0 0
24 15 1 0 0
8 15 1 0 0
14 15 1 0 0
46 15 0 0 0
2 15 1 0 0
25 15 1 0 0
29 15 1 0 0
43 15 0 0 0
57 15 0 0 0
11 15 1 0 0
3 15 1 0 0
21 15 0 0 0
9 15 1 -1 0
13 15 1 -1 0
35 15 0 0 0
41 15 0 -1 0
5 15 0 -1 0
60 15 0 0 0
28 15 1 0 0
44 15 0 0 0
20 15 1 0 0
12 15 1 -1 0
52 15 0 0 0
4 15 1 -1 0
36 15 0 0 0
7 15 1 0 1
31 15 0 0 0
47 15 0 0 0
47 15 1 0 0
31 15 0 -1 0
7 15 1 0 0
17 16 0 0 0
29 16 0 0 -1
23 16 -1 0 0
21 16 -1 0 0
49 16 -1 0 0
7 16 0 0 0
28 16 0 0 -1
6 16 0 0 -1
18 16 -1 0 0
20 16 0 0 0
2 16 0 0 0
22 16 0 0 0
52 16 -1 0 0
54 16 -1 0 0
26 16 0 0 -1
60 16 -1 0 -1
10 16 -1 0 -1
38 16 -1 0 0
19 16 0 0 0
27 16 0 0 -1
59 16 -1 0 -1
3 16 0 0 0
51 16 -1 0 0
11 16 0 0 -1
43 16 -1 0 -1
35 16 -1 0 0
48 16 0 0 -1
24 16 0 0 -1
0 16 0 0 0
0 16 0 -1 0
24 16 0 0 0
48 16 -1 0 -1
16 17 0 0 0
6 17 0 0 -1
28 17 0 0 -1
20 17 0 0 0
22 17 0 0 0
48 17 0 0 -1
29 17 0 0 -1
19 17 0 0 0
53 17 0 0 0
7 17 0 0 0
21 17 -1 0 0
3 17 0 0 0
11 17 0 0 -1
23 17 -1 0 0
39 17 0 0 0
61 17 0 0 -1
55 17 0 0 -1
27 17 0 0 -1
2 17 0 0 0
50 17 0 0 0
18 17 -1 0 0
42 17 0 0 -1
10 17 -1 0 -1
26 17 0 0 -1
34 17 0 0 0
58 17 0 0 -1
49 17 -1 0 0
1 17 0 0 0
25 17 0 0 -1
25 17 0 0 0
1 17 0 -1 0
49 17 0 0 0
5 18 0 0 0
51 18 0 0 0
23 18 0 0 0
21 18 0 0 0
31 18 0 0 0
19 18 1 0 0
54 18 0 0 0
4 18 1 0 0
8 18 1 1 0
52 18 0 0 0
62 18 0 0 0
16 18 1 0 0
0 18 1 0 0
30 18 1 0 0
36 18 0 1 0
20 18 1 0 0
24 18 1 0 0
22 18 1 0 0
57 18 0 0 0
41 18 0 0 0
9 18 1 0 0
49 18 0 0 0
33 18 0 1 0
17 18 1 0 0
1 18 1 0 0
25 18 1 0 0
50 18 0 0 0
2 18 1 0 0
26 18 1 0 0
26 18 1 0 -1
2 18 1 1 0
50 18 1 0 0
22 19 0 0 0
50 19 0 0 0
20 19 0 0 0
30 19 0 0 0
4 19 0 0 0
18 19 -1 0 0
53 19 0 0 0
17 19 0 0 0
63 19 0 0 0
1 19 0 0 0
21 19 -1 0 0
55 19 0 0 -1
37 19 0 0 0
25 19 0 0 0
9 19 0 0 0
23 19 -1 0 0
5 19 -1 0 0
31 19 -1 0 0
16 19 0 0 0
48 19 0 0 -1
0 19 0 0 0
56 19 0 0 0
32 19 0 0 -1
8 19 0 1 0
24 19 0 0 0
40 19 0 1 0
51 19 0 0 0
3 19 0 0 0
27 19 0 0 0
27 19 0 0 -1
3 19 0 1 0
51 19 -1 0 0
53 20 0 0 0
25 20 0 0 0
3 20 0 0 0
19 20 0 0 0
21 20 -1 0 0
17 20 0 0 0
2 20 0 0 0
14 20 0 0 0
24 20 0 0 0
16 20 0 0 0
6 20 0 0 -1
34 20 0 0 0
30 20 0 0 0
50 20 0 0 0
56 20 0 0 0
18 20 -1 0 0
22 20 0 0 0
48 20 0 0 -1
63 20 0 0 0
15 20 -1 0 0
47 20 0 0 0
7 20 0 0 0
39 20 0 0 0
31 20 -1 0 0
23 20 -1 0 0
55 20 0 0 -1
28 20 0 0 0
4 20 0 -1 0
52 20 -1 0 0
52 20 0 0 0
4 20 0 0 0
28 20 0 0 -1
52 21 0 0 0
2 21 1 0 0
16 21 1 0 0
18 21 0 0 0
20 21 1 0 0
24 21 1 0 0
49 21 0 0 0
17 21 1 0 0
23 21 0 0 0
51 21 0 0 0
19 21 1 0 0
57 21 0 0 0
3 21 1 0 0
25 21 1 0 0
7 21 1 0 0
15 21 0 0 0
31 21 0 0 0
35 21 0 0 0
54 21 0 0 0
38 21 0 0 0
6 21 1 0 -1
30 21 1 0 0
46 21 0 0 0
62 21 0 0 0
14 21 1 0 0
22 21 1 0 0
29 21 1 0 -1
53 21 1 0 0
5 21 0 0 0
5 21 0 -1 0
53 21 0 0 0
29 21 1 0 0
1 22 0 0 0
55 22 0 0 -1
19 22 0 0 0
17 22 0 0 0
27 22 0 0 -1
23 22 -1 0 0
50 22 0 0 0
32 22 0 0 -1
4 22 0 0 0
12 22 0 0 -1
16 22 0 0 0
0 22 0 0 0
48 22 0 0 -1
28 22 0 0 -1
58 22 0 0 -1
26 22 0 0 -1
18 22 -1 0 0
20 22 0 0 0
53 22 0 0 0
13 22 0 0 -1
37 22 0 0 0
45 22 0 1 -1
5 22 -1 0 0
61 22 0 0 -1
29 22 0 0 -1
21 22 -1 0 0
54 22 0 0 0
30 22 0 0 0
6 22 0 1 -1
6 22 0 0 -1
30 22 0 0 -1
54 22 -1 0 0
54 23 0 0 0
16 23 1 0 0
18 23 0 0 0
0 23 1 0 0
26 23 1 0 -1
22 23 1 0 0
51 23 0 0 0
59 23 0 0 -1
13 23 1 0 -1
5 23 0 0 0
49 23 0 0 0
21 23 0 0 0
33 23 0 1 0
29 23 1 0 -1
17 23 1 0 0
19 23 1 0 0
1 23 1 0 0
27 23 1 0 -1
52 23 0 0 0
4 23 1 0 0
36 23 0 1 0
60 23 0 0 -1
44 23 0 1 -1
28 23 1 0 -1
12 23 1 0 -1
20 23 1 0 0
55 23 0 0 -1
7 23 1 1 0
31 23 0 0 -1
31 23 0 0 0
7 23 1 0 0
55 23 1 0 -1
25 24 0 0 0
15 24 -1 0 0
29 24 0 0 0
31 24 -1 0 0
57 24 -1 0 0
21 24 -1 0 0
28 24 0 0 0
10 24 -1 0 0
20 24 0 0 0
14 24 0 0 0
60 24 -1 0 0
30 24 0 0 0
2 24 0 0 0
26 24 0 0 0
46 24 -1 0 0
18 24 -1 0 0
62 24 -1 0 0
52 24 -1 0 0
27 24 0 0 0
59 24 -1 0 0
11 24 0 0 0
3 24 0 0 0
43 24 -1 0 0
19 24 0 0 0
35 24 -1 0 0
51 24 -1 0 0
16 24 0 0 1
8 24 0 0 0
56 24 -1 0 0
56 24 0 0 0
8 24 0 1 0
16 24 0 0 0
24 25 0 0 0
14 25 0 0 0
20 25 0 0 0
28 25 0 0 0
30 25 0 0 0
56 25 0 0 0
15 25 -1 0 0
29 25 0 0 0
27 25 0 0 0
11 25 0 0 0
63 25 0 0 0
53 25 0 0 0
31 25 -1 0 0
21 25 -1 0 0
61 25 0 0 0
47 25 0 0 0
3 25 0 0 0
19 25 0 0 0
42 25 0 0 0
2 25 0 0 0
10 25 -1 0 0
58 25 0 0 0
26 25 0 0 0
18 25 -1 0 0
34 25 0 0 0
50 25 0 0 0
57 25 -1 0 0
17 25 0 0 1
9 25 0 -1 0
9 25 0 0 0
17 25 0 0 0
57 25 0 0 0
13 26 0 0 0
59 26 -1 0 0
31 26 -1 0 0
27 26 0 0 0
23 26 -1 0 1
29 26 0 0 0
12 26 0 0 0
0 26 0 0 1
44 26 -1 1 0
8 26 0 1 0
28 26 0 0 0
30 26 0 0 0
62 26 -1 0 0
16 26 0 0 1
24 26 0 0 0
22 26 0 0 1
54 26 -1 0 1
60 26 -1 0 0
9 26 0 0 0
1 26 0 0 1
41 26 -1 0 0
25 26 0 0 0
33 26 -1 1 1
57 26 -1 0 0
17 26 0 0 1
49 26 -1 0 1
10 26 -1 1 0
58 26 -1 0 0
18 26 -1 0 0
18 26 -1 0 1
58 26 0 0 0
10 26 -1 0 0
28 27 0 0 0
30 27 0 0 0
26 27 0 0 0
12 27 0 0 0
58 27 0 0 0
22 27 0 0 1
13 27 0 0 0
31 27 -1 0 0
25 27 0 0 0
29 27 0 0 0
9 27 0 0 0
55 27 0 0 0
63 27 0 0 0
61 27 0 0 0
1 27 0 0 1
17 27 0 0 1
23 27 -1 0 1
45 27 0 1 0
24 27 0 0 0
16 27 0 0 1
8 27 0 1 0
56 27 0 0 0
48 27 0 0 0
32 27 0 0 0
0 27 0 0 1
40 27 0 1 0
59 27 -1 0 0
11 27 0 0 0
19 27 0 0 0
19 27 0 0 1
11 27 0 1 0
59 27 0 0 0
29 28 0 0 0
27 28 0 0 0
25 28 0 0 0
17 28 0 0 1
11 28 0 0 0
61 28 0 0 0
24 28 0 0 0
16 28 0 0 1
6 28 0 0 0
48 28 0 0 0
26 28 0 0 0
14 28 0 0 0
42 28 0 0 0
10 28 -1 0 0
22 28 0 0 1
58 28 0 0 0
30 28 0 0 0
56 28 0 0 0
15 28 -1 0 0
7 28 0 0 1
31 28 -1 0 0
55 28 0 0 0
63 28 0 0 0
23 28 -1 0 1
47 28 0 0 0
39 28 0 0 1
20 28 0 0 0
60 28 -1 0 0
12 28 0 0 0
12 28 0 -1 0
60 28 0 0 0
20 28 0 0 1
28 29 0 0 0
16 29 0 0 1
10 29 -1 0 0
24 29 0 0 0
60 29 -1 0 0
26 29 0 0 0
17 29 0 0 1
15 29 -1 0 0
25 29 0 0 0
11 29 0 0 0
27 29 0 0 0
7 29 0 0 1
59 29 -1 0 0
23 29 -1 0 1
49 29 -1 0 1
31 29 -1 0 0
57 29 -1 0 0
43 29 -1 0 0
6 29 0 0 0
14 29 0 0 0
38 29 -1 0 1
22 29 0 0 1
54 29 -1 0 1
30 29 0 0 0
46 29 -1 0 0
62 29 -1 0 0
21 29 -1 0 1
61 29 0 0 0
13 29 0 0 0
13 29 0 -1 0
61 29 -1 0 0
21 29 -1 0 0
9 30 0 0 0
27 30 0 0 0
63 30 0 0 0
19 30 0 0 0
31 30 -1 0 0
25 30 0 0 0
8 30 0 1 0
4 30 0 0 0
12 30 0 0 0
58 30 0 0 0
18 30 -1 0 0
26 30 0 0 0
40 30 0 1 0
50 30 0 0 0
20 30 0 0 0
24 30 0 0 0
28 30 0 0 0
56 30 0 0 0
13 30 0 0 0
37 30 0 0 0
5 30 -1 0 0
53 30 0 0 0
21 30 -1 0 0
45 30 0 1 0
29 30 0 0 0
61 30 0 0 0
22 30 0 0 0
14 30 0 1 0
62 30 0 0 0
62 30 -1 0 0
14 30 0 0 0
22 30 0 0 1
26 31 1 0 0
62 31 0 0 0
8 31 1 1 0
30 31 1 0 0
18 31 0 0 0
24 31 1 0 0
59 31 0 0 0
27 31 1 0 0
57 31 0 0 0
13 31 1 0 0
9 31 1 0 0
25 31 1 0 0
41 31 0 0 0
5 31 0 0 0
21 31 0 0 0
29 31 1 0 0
51 31 0 0 0
19 31 1 0 0
28 31 1 0 0
44 31 0 1 0
12 31 1 0 0
4 31 1 0 0
60 31 0 0 0
20 31 1 0 0
52 31 0 0 0
36 31 0 1 0
15 31 0 0 0
23 31 0 0 1
63 31 0 0 0
63 31 1 0 0
23 31 0 0 0
15 31 0 1 0
45 32 0 1 0
33 32 0 1 1
55 32 0 0 0
1 32 0 0 1
39 32 0 1 1
37 32 0 0 1
22 32 0 0 1
36 32 0 1 1
12 32 0 0 0
44 32 0 1 0
54 32 0 0 1
58 32 0 0 0
50 32 0 0 1
42 32 0 1 0
38 32 0 1 1
6 32 0 1 0
34 32 0 1 1
4 32 0 0 1
43 32 0 1 0
51 32 0 0 1
11 32 0 1 0
27 32 0 0 0
35 32 0 1 1
19 32 0 0 1
59 32 0 0 0
3 32 0 1 1
40 32 0 1 0
48 32 0 0 0
0 32 1 0 1
0 32 0 0 1
48 32 0 1 0
40 32 0 1 1
36 33 0 0 0
32 33 0 -1 -1
38 33 0 0 0
54 33 0 -1 0
44 33 0 0 -1
0 33 1 -1 0
45 33 0 0 -1
37 33 0 -1 0
51 33 0 -1 0
39 33 0 0 0
35 33 0 0 0
55 33 0 -1 -1
43 33 0 0 -1
5 33 0 -1 0
23 33 0 -1 0
7 33 1 0 0
13 33 1 -1 -1
59 33 0 -1 -1
34 33 0 0 0
50 33 0 -1 0
18 33 0 -1 0
26 33 1 -1 -1
10 33 0 0 -1
58 33 0 -1 -1
42 33 0 0 -1
2 33 1 0 0
41 33 0 -1 0
1 33 0 -1 0
49 33 0 0 0
49 33 0 -1 0
1 33 1 -1 0
41 33 0 -1 -1
35 34 0 0 0
37 34 0 -1 0
47 34 0 0 0
39 34 0 0 0
3 34 0 0 0
53 34 0 0 0
36 34 0 0 0
40 34 0 0 0
46 34 0 0 0
14 34 0 0 0
20 34 0 0 0
38 34 0 0 0
6 34 0 0 -1
4 34 0 -1 0
52 34 0 0 0
32 34 0 -1 -1
56 34 0 0 0
48 34 0 0 -1
41 34 0 -1 0
33 34 0 0 0
9 34 0 -1 0
1 34 0 -1 0
49 34 0 0 0
25 34 0 0 0
57 34 0 0 0
17 34 0 0 0
2 34 0 0 0
42 34 0 0 0
50 34 0 -1 0
50 34 0 0 0
42 34 0 0 -1
2 34 1 0 0
34 35 0 0 0
36 35 0 0 0
38 35 0 0 0
46 35 0 0 0
52 35 0 0 0
2 35 1 0 0
39 35 0 0 0
37 35 0 -1 0
41 35 0 -1 0
47 35 0 0 0
33 35 0 0 0
49 35 0 0 0
5 35 0 -1 0
57 35 0 0 0
21 35 0 0 0
15 35 0 0 0
53 35 0 0 0
7 35 1 0 0
40 35 0 0 0
56 35 0 0 0
8 35 1 0 0
32 35 0 -1 -1
0 35 1 -1 0
48 35 0 0 -1
24 35 1 0 0
16 35 1 0 0
51 35 0 -1 0
43 35 0 0 0
3 35 0 0 0
3 35 1 0 0
43 35 0 0 -1
51 35 0 0 0
37 36 0 -1 0
33 36 0 0 0
35 36 0 0 0
41 36 0 -1 0
51 36 0 -1 0
5 36 0 -1 0
34 36 0 0 0
38 36 0 0 0
40 36 0 0 0
54 36 0 -1 0
50 36 0 -1 0
32 36 0 -1 -1
62 36 0 -1 0
18 36 0 -1 0
0 36 1 -1 0
46 36 0 0 0
8 36 1 0 0
2 36 1 0 0
39 36 0 0 0
47 36 0 0 0
55 36 0 -1 -1
23 36 0 -1 0
63 36 0 -1 0
7 36 1 0 0
31 36 0 -1 0
15 36 0 0 0
44 36 0 0 -1
52 36 0 0 0
4 36 1 -1 0
4 36 0 -1 0
52 36 0 -1 0
44 36 0 0 0
36 37 0 1 0
34 37 0 1 0
50 37 0 0 0
40 37 0 1 0
32 37 0 0 -1
4 37 0 0 0
41 37 0 0 0
33 37 0 1 0
35 37 0 1 0
51 37 0 0 0
1 37 0 0 0
39 37 0 1 0
63 37 0 0 0
19 37 0 0 0
47 37 0 1 0
3 37 0 1 0
9 37 0 0 0
55 37 0 0 -1
22 37 0 0 0
54 37 0 0 0
62 37 0 0 0
30 37 0 0 0
38 37 0 1 0
46 37 0 1 0
14 37 0 1 0
6 37 0 1 -1
45 37 0 1 -1
5 37 0 0 0
53 37 0 0 0
53 37 0 1 0
5 37 -1 0 0
45 37 0 1 0
33 38 0 0 0
35 38 0 0 0
49 38 0 0 0
39 38 0 0 0
7 38 1 0 0
43 38 0 0 -1
36 38 0 0 0
52 38 0 0 0
2 38 1 0 0
0 38 1 -1 0
44 38 0 0 -1
10 38 0 0 -1
34 38 0 0 0
32 38 0 -1 -1
60 38 0 0 -1
48 38 0 0 -1
16 38 1 0 0
42 38 0 0 -1
5 38 0 -1 0
45 38 0 0 -1
21 38 0 0 0
37 38 0 -1 0
29 38 1 0 -1
13 38 1 -1 -1
61 38 0 0 -1
53 38 0 0 0
46 38 0 0 0
54 38 0 -1 0
6 38 1 0 -1
6 38 0 0 -1
54 38 0 0 0
46 38 0 0 -1
48 39 0 0 -1
34 39 0 0 0
38 39 0 0 0
6 39 0 0 -1
32 39 0 -1 -1
42 39 0 0 -1
35 39 0 0 0
49 39 0 0 0
33 39 0 0 0
53 39 0 0 0
43 39 0 0 -1
61 39 0 0 -1
45 39 0 0 -1
37 39 0 -1 0
3 39 0 0 0
11 39 0 0 -1
17 39 0 0 0
1 39 0 -1 0
36 39 0 0 0
52 39 0 0 0
60 39 0 0 -1
20 39 0 0 0
44 39 0 0 -1
4 39 0 -1 0
28 39 0 0 -1
12 39 0 -1 -1
47 39 0 0 0
55 39 0 0 -1
7 39 0 0 0
7 39 1 0 0
47 39 0 0 -1
55 39 0 -1 -1
41 40 0 -1 0
47 40 0 0 0
37 40 0 -1 0
45 40 0 0 0
9 40 0 -1 0
63 40 0 -1 0
46 40 0 0 0
34 40 0 0 0
36 40 0 0 0
62 40 0 -1 0
42 40 0 0 0
14 40 0 0 0
58 40 0 -1 0
44 40 0 0 0
30 40 0 -1 0
50 40 0 -1 0
12 40 0 -1 0
4 40 0 -1 0
35 40 0 0 0
43 40 0 0 0
11 40 0 0 0
3 40 0 0 0
51 40 0 -1 0
27 40 0 -1 0
59 40 0 -1 0
19 40 0 -1 0
32 40 0 -1 0
8 40 0 0 0
56 40 0 -1 0
56 40 0 0 0
8 40 1 0 0
32 40 0 -1 -1
40 41 0 1 0
62 41 0 0 0
36 41 0 1 0
44 41 0 1 0
46 41 0 1 0
8 41 1 1 0
37 41 0 0 0
35 41 0 1 0
47 41 0 1 0
45 41 0 1 0
43 41 0 1 0
5 41 0 0 0
31 41 0 0 0
51 41 0 0 0
63 41 0 0 0
59 41 0 0 0
15 41 0 1 0
13 41 1 0 0
34 41 0 1 0
58 41 0 0 0
18 41 0 0 0
50 41 0 0 0
26 41 1 0 0
42 41 0 1 0
10 41 0 1 0
2 41 1 1 0
33 41 0 1 0
57 41 0 0 0
9 41 0 0 0
9 41 1 0 0
57 41 0 1 0
33 41 0 1 1
11 42 0 0 0
45 42 0 0 0
47 42 0 0 0
61 42 0 0 0
43 42 0 0 0
39 42 0 0 1
14 42 0 0 0
48 42 0 0 0
46 42 0 0 0
6 42 0 0 0
40 42 0 0 0
56 42 0 0 0
12 42 0 -1 0
60 42 0 0 0
32 42 0 -1 0
28 42 0 0 0
44 42 0 0 0
38 42 0 0 1
25 42 0 0 0
9 42 0 -1 0
1 42 0 -1 1
41 42 0 -1 0
17 42 0 0 1
57 42 0 0 0
33 42 0 0 1
49 42 0 0 1
34 42 0 0 0
10 42 -1 0 0
58 42 0 0 0
10 42 0 0 0
58 42 0 -1 0
34 42 0 0 1
44 43 0 0 0
46 43 0 0 0
60 43 0 0 0
10 43 0 0 0
42 43 0 0 0
38 43 0 0 1
45 43 0 0 0
47 43 0 0 0
15 43 0 0 0
33 43 0 0 1
39 43 0 0 1
61 43 0 0 0
41 43 0 -1 0
49 43 0 0 1
57 43 0 0 0
7 43 1 0 1
29 43 1 0 0
13 43 1 -1 0
40 43 0 0 0
32 43 0 -1 0
48 43 0 0 0
56 43 0 0 0
0 43 1 -1 1
24 43 1 0 0
8 43 1 0 0
16 43 1 0 1
11 43 0 0 0
59 43 0 0 0
35 43 0 0 0
35 43 0 0 1
59 43 0 -1 0
11 43 1 0 0
43 44 0 0 0
45 44 0 0 0
41 44 0 -1 0
33 44 0 0 1
13 44 1 -1 0
59 44 0 -1 0
10 44 0 0 0
32 44 0 -1 0
26 44 1 -1 0
38 44 0 0 1
40 44 0 0 0
62 44 0 -1 0
46 44 0 0 0
0 44 1 -1 1
42 44 0 0 0
58 44 0 -1 0
8 44 1 0 0
54 44 0 -1 1
15 44 0 0 0
47 44 0 0 0
31 44 0 -1 0
7 44 1 0 1
23 44 0 -1 1
55 44 0 -1 0
39 44 0 0 1
63 44 0 -1 0
60 44 0 0 0
12 44 1 -1 0
36 44 0 0 1
36 44 0 0 0
12 44 0 -1 0
60 44 0 -1 0
32 45 0 -1 0
42 45 0 0 0
44 45 0 0 0
40 45 0 0 0
58 45 0 -1 0
12 45 0 -1 0
43 45 0 0 0
33 45 0 0 1
55 45 0 -1 0
11 45 0 0 0
39 45 0 0 1
41 45 0 -1 0
47 45 0 0 0
1 45 0 -1 1
9 45 0 -1 0
59 45 0 -1 0
27 45 0 -1 0
63 45 0 -1 0
46 45 0 0 0
38 45 0 0 1
6 45 0 0 0
22 45 0 -1 1
62 45 0 -1 0
14 45 0 0 0
54 45 0 -1 1
30 45 0 -1 0
61 45 0 0 0
37 45 0 -1 1
13 45 0 -1 0
13 45 1 -1 0
37 45 0 -1 0
61 45 0 -1 0
47 46 0 0 0
57 46 0 0 0
35 46 0 0 0
43 46 0 0 0
41 46 0 -1 0
15 46 0 0 0
56 46 0 0 0
40 46 0 0 0
34 46 0 0 0
60 46 0 0 0
42 46 0 0 0
44 46 0 0 0
52 46 0 0 0
10 46 0 0 0
24 46 1 0 0
36 46 0 0 0
8 46 1 0 0
2 46 1 0 0
61 46 0 0 0
45 46 0 0 0
37 46 0 -1 0
53 46 0 0 0
21 46 0 0 0
29 46 1 0 0
5 46 0 -1 0
13 46 1 -1 0
14 46 0 0 0
38 46 0 0 0
62 46 0 -1 0
62 46 0 0 0
38 46 0 0 1
14 46 1 0 0
46 47 0 0 0
14 47 0 0 0
42 47 0 0 0
40 47 0 0 0
34 47 0 0 0
56 47 0 0 0
35 47 0 0 0
43 47 0 0 0
41 47 0 -1 0
61 47 0 0 0
45 47 0 0 0
11 47 0 0 0
57 47 0 0 0
37 47 0 -1 0
25 47 0 0 0
53 47 0 0 0
3 47 0 0 0
9 47 0 -1 0
20 47 0 0 0
60 47 0 0 0
36 47 0 0 0
44 47 0 0 0
52 47 0 0 0
12 47 0 -1 0
28 47 0 0 0
4 47 0 -1 0
63 47 0 0 0
39 47 0 0 0
15 47 0 0 0
15 47 -1 0 0
39 47 0 0 1
63 47 0 -1 0
61 48 0 0 0
39 48 0 0 1
49 48 0 0 1
55 48 0 0 0
17 48 0 0 1
53 48 0 0 1
60 48 0 0 0
42 48 0 0 0
6 48 0 0 0
28 48 0 0 0
54 48 0 0 1
58 48 0 0 0
22 48 0 0 1
52 48 0 0 1
38 48 0 0 1
50 48 0 0 1
34 48 0 0 1
20 48 0 0 1
11 48 0 0 0
43 48 0 0 0
59 48 0 0 0
51 48 0 0 1
19 48 0 0 1
27 48 0 0 0
35 48 0 0 1
3 48 0 0 1
56 48 0 0 0
16 48 0 0 1
32 48 0 0 0
32 48 0 -1 0
16 48 1 0 1
56 48 0 0 1
52 49 0 0 0
48 49 0 0 -1
38 49 0 0 0
60 49 0 0 -1
54 49 0 0 0
16 49 1 0 0
39 49 0 0 0
51 49 0 0 0
21 49 0 0 0
23 49 0 0 0
35 49 0 0 0
59 49 0 0 -1
61 49 0 0 -1
29 49 1 0 -1
55 49 0 0 -1
53 49 0 0 0
43 49 0 0 -1
7 49 1 0 0
2 49 1 0 0
50 49 0 0 0
18 49 0 0 0
10 49 0 0 -1
34 49 0 0 0
42 49 0 0 -1
58 49 0 0 -1
26 49 1 0 -1
33 49 0 0 0
17 49 1 0 0
57 49 0 0 0
57 49 0 0 -1
17 49 0 0 0
33 49 0 1 0
19 50 0 0 0
63 50 0 0 0
53 50 0 0 0
51 50 0 0 0
37 50 0 0 0
55 50 0 0 -1
22 50 0 0 0
54 50 0 0 0
36 50 0 1 0
32 50 0 0 -1
30 50 0 0 0
52 50 0 0 0
62 50 0 0 0
56 50 0 0 0
20 50 0 0 0
48 50 0 0 -1
40 50 0 1 0
4 50 0 0 0
33 50 0 1 0
1 50 0 0 0
41 50 0 0 0
49 50 0 0 0
17 50 0 0 0
57 50 0 0 0
9 50 0 0 0
25 50 0 0 0
34 50 0 1 0
18 50 0 0 0
58 50 0 0 0
58 50 0 0 -1
18 50 -1 0 0
34 50 0 0 0
54 51 0 0 0
18 51 0 0 0
50 51 0 0 0
52 51 0 0 0
36 51 0 1 0
62 51 0 0 0
23 51 0 0 0
33 51 0 1 0
49 51 0 0 0
5 51 0 0 0
37 51 0 0 0
55 51 0 0 -1
21 51 0 0 0
63 51 0 0 0
41 51 0 0 0
57 51 0 0 0
53 51 0 0 0
31 51 0 0 0
0 51 1 0 0
32 51 0 0 -1
16 51 1 0 0
56 51 0 0 0
48 51 0 0 -1
40 51 0 1 0
8 51 1 1 0
24 51 1 0 0
59 51 0 0 -1
19 51 0 0 0
35 51 0 1 0
35 51 0 0 0
19 51 1 0 0
59 51 0 0 0
49 52 0 0 0
21 52 0 0 0
51 52 0 0 0
35 52 0 0 0
57 52 0 0 0
53 52 0 0 0
54 52 0 0 0
38 52 0 0 0
18 52 0 0 0
2 52 1 0 0
16 52 1 0 0
46 52 0 0 0
48 52 0 0 -1
50 52 0 0 0
56 52 0 0 0
34 52 0 0 0
62 52 0 0 0
24 52 1 0 0
23 52 0 0 0
39 52 0 0 0
63 52 0 0 0
7 52 1 0 0
55 52 0 0 -1
47 52 0 0 0
15 52 0 0 0
31 52 0 0 0
60 52 0 0 -1
20 52 1 0 0
36 52 0 0 0
36 52 0 1 0
20 52 0 0 0
60 52 0 0 0
20 53 0 0 0
50 53 0 0 0
56 53 0 0 0
34 53 0 0 0
48 53 0 0 -1
52 53 0 0 0
19 53 0 0 0
63 53 0 0 0
17 53 0 0 0
39 53 0 0 0
3 53 0 0 0
25 53 0 0 0
55 53 0 0 -1
47 53 0 0 0
49 53 0 0 0
51 53 0 0 0
35 53 0 0 0
57 53 0 0 0
22 53 0 0 0
6 53 0 0 -1
14 53 0 0 0
30 53 0 0 0
54 53 0 0 0
46 53 0 0 0
38 53 0 0 0
62 53 0 0 0
21 53 -1 0 0
61 53 0 0 -1
37 53 0 0 0
37 53 0 -1 0
61 53 0 0 0
21 53 0 0 0
51 54 0 0 0
23 54 0 0 0
55 54 0 0 -1
49 54 0 0 0
33 54 0 1 0
59 54 0 0 -1
52 54 0 0 0
50 54 0 0 0
18 54 0 0 0
36 54 0 1 0
32 54 0 0 -1
48 54 0 0 -1
0 54 1 0 0
16 54 1 0 0
60 54 0 0 -1
58 54 0 0 -1
26 54 1 0 -1
44 54 0 1 -1
5 54 0 0 0
21 54 0 0 0
37 54 0 0 0
53 54 0 0 0
45 54 0 1 -1
61 54 0 0 -1
13 54 1 0 -1
29 54 1 0 -1
22 54 0 0 0
62 54 0 0 0
38 54 0 1 0
38 54 0 0 0
62 54 0 0 -1
22 54 1 0 0
22 55 0 0 1
32 55 0 0 0
54 55 0 0 1
58 55 0 0 0
48 55 0 0 0
50 55 0 0 1
61 55 0 0 0
45 55 0 1 0
33 55 0 1 1
1 55 0 0 1
51 55 0 0 1
59 55 0 0 0
19 55 0 0 1
27 55 0 0 0
53 55 0 0 1
49 55 0 0 1
17 55 0 0 1
37 55 0 0 1
12 55 0 0 0
28 55 0 0 0
60 55 0 0 0
36 55 0 1 1
44 55 0 1 0
52 55 0 0 1
4 55 0 0 1
20 55 0 0 1
23 55 0 0 1
39 55 0 0 1
63 55 0 0 0
63 55 0 0 1
39 55 0 1 1
23 55 -1 0 1
63 56 0 0 0
57 56 0 0 0
61 56 0 0 0
47 56 0 0 0
53 56 0 0 0
25 56 0 0 0
46 56 0 0 0
58 56 0 0 0
60 56 0 0 0
62 56 0 0 0
42 56 0 0 0
14 56 0 0 0
52 56 0 0 0
50 56 0 0 0
20 56 0 0 0
34 56 0 0 0
28 56 0 0 0
30 56 0 0 0
59 56 0 0 0
43 56 0 0 0
27 56 0 0 0
35 56 0 0 0
51 56 0 0 0
19 56 0 0 0
11 56 0 0 0
3 56 0 0 0
48 56 0 0 0
24 56 1 0 0
40 56 0 1 0
40 56 0 0 0
24 56 0 0 0
48 56 0 0 -1
56 57 0 0 0
46 57 0 0 0
60 57 0 0 0
62 57 0 0 0
24 57 1 0 0
52 57 0 0 0
59 57 0 0 0
63 57 0 0 0
31 57 0 0 0
15 57 0 0 0
21 57 0 0 0
47 57 0 0 0
61 57 0 0 0
51 57 0 0 0
35 57 0 0 0
43 57 0 0 0
29 57 1 0 0
53 57 0 0 0
58 57 0 0 0
18 57 0 0 0
10 57 0 0 0
50 57 0 0 0
26 57 1 0 0
42 57 0 0 0
34 57 0 0 0
2 57 1 0 0
25 57 1 0 0
41 57 0 0 0
49 57 0 0 0
49 57 0 0 1
41 57 0 -1 0
25 57 0 0 0
63 58 0 0 0
55 58 0 0 0
61 58 0 0 0
59 58 0 0 0
27 58 0 0 0
45 58 0 1 0
56 58 0 0 0
62 58 0 0 0
40 58 0 1 0
32 58 0 0 0
48 58 0 0 0
30 58 0 0 0
60 58 0 0 0
28 58 0 0 0
22 58 0 0 1
44 58 0 1 0
12 58 0 0 0
54 58 0 0 1
57 58 0 0 0
41 58 0 0 0
9 58 0 0 0
25 58 0 0 0
33 58 0 1 1
1 58 0 0 1
49 58 0 0 1
17 58 0 0 1
50 58 0 0 0
26 58 1 0 0
42 58 0 0 0
42 58 0 1 0
26 58 0 0 0
50 58 0 0 1
60 59 0 0 0
26 59 1 0 0
62 59 0 0 0
58 59 0 0 0
54 59 0 0 1
44 59 0 1 0
57 59 0 0 0
31 59 0 0 0
23 59 0 0 1
29 59 1 0 0
61 59 0 0 0
55 59 0 0 0
49 59 0 0 1
13 59 1 0 0
41 59 0 0 0
63 59 0 0 0
45 59 0 1 0
33 59 0 1 1
56 59 0 0 0
24 59 1 0 0
48 59 0 0 0
16 59 1 0 1
32 59 0 0 0
0 59 1 0 1
8 59 1 1 0
40 59 0 1 0
27 59 1 0 0
51 59 0 0 1
43 59 0 0 0
43 59 0 1 0
51 59 0 0 0
27 59 0 0 0
59 60 0 0 0
61 60 0 0 0
43 60 0 0 0
57 60 0 0 0
49 60 0 0 1
29 60 1 0 0
48 60 0 0 0
56 60 0 0 0
46 60 0 0 0
10 60 0 0 0
42 60 0 0 0
24 60 1 0 0
58 60 0 0 0
38 60 0 0 1
16 60 1 0 1
54 60 0 0 1
62 60 0 0 0
26 60 1 0 0
15 60 0 0 0
39 60 0 0 1
47 60 0 0 0
55 60 0 0 0
23 60 0 0 1
31 60 0 0 0
7 60 1 0 1
63 60 0 0 0
44 60 0 0 0
52 60 0 0 1
28 60 1 0 0
28 60 0 0 0
52 60 0 0 0
44 60 0 1 0
48 61 0 0 0
42 61 0 0 0
56 61 0 0 0
60 61 0 0 0
58 61 0 0 0
28 61 0 0 0
55 61 0 0 0
11 61 0 0 0
47 61 0 0 0
39 61 0 0 1
59 61 0 0 0
43 61 0 0 0
63 61 0 0 0
57 61 0 0 0
27 61 0 0 0
49 61 0 0 1
25 61 0 0 0
17 61 0 0 1
46 61 0 0 0
6 61 0 0 0
14 61 0 0 0
22 61 0 0 1
54 61 0 0 1
62 61 0 0 0
38 61 0 0 1
30 61 0 0 0
45 61 0 0 0
29 61 0 0 0
53 61 0 0 1
53 61 0 0 0
29 61 1 0 0
45 61 0 1 0
41 62 0 0 0
59 62 0 0 0
31 62 0 0 0
63 62 0 0 0
57 62 0 0 0
51 62 0 0 0
58 62 0 0 0
40 62 0 1 0
56 62 0 0 0
18 62 0 0 0
44 62 0 1 0
36 62 0 1 0
8 62 1 1 0
26 62 1 0 0
50 62 0 0 0
60 62 0 0 0
52 62 0 0 0
24 62 1 0 0
37 62 0 0 0
5 62 0 0 0
45 62 0 1 0
13 62 1 0 0
21 62 0 0 0
61 62 0 0 0
53 62 0 0 0
29 62 1 0 0
54 62 0 0 0
30 62 0 0 0
46 62 0 1 0
46 62 0 0 0
30 62 1 0 0
54 62 0 0 1
56 63 0 0 0
50 63 0 0 0
58 63 0 0 0
30 63 0 0 0
62 63 0 0 0
40 63 0 1 0
53 63 0 0 0
57 63 0 0 0
19 63 0 0 0
25 63 0 0 0
51 63 0 0 0
61 63 0 0 0
27 63 0 0 0
37 63 0 0 0
41 63 0 0 0
9 63 0 0 0
59 63 0 0 0
45 63 0 1 0
20 63 0 0 0
52 63 0 0 0
36 63 0 1 0
28 63 0 0 0
60 63 0 0 0
4 63 0 0 0
12 63 0 0 0
44 63 0 1 0
47 63 0 0 0
31 63 0 0 0
55 63 0 0 0
55 63 0 0 -1
31 63 -1 0 0
47 63 0 1 0
