64
11 0.006286511054669665 -0.006605243164565094 0.032021132522164104
17 2.825245005857652 -0.02678346865805555 0.01807975274547424
11 0.06520000225650686 2.867354048156462 2.78481323820965
17 2.756728926447697 2.7888362768731323 2.822066298967362
11 2.703748461268058 -0.010939583196627287 2.7577044526373466
17 -0.03661336773517258 -0.027212949142865497 2.804184992181542
11 2.8405815268187067 2.8721256684721337 -0.006426733147201713
17 0.0683231735274843 2.786740266325669 0.017575503504650987
11 0.045173509082590435 0.0047006148880437285 5.602825037532309
17 2.7739137311870787 -0.022886291283366958 5.651009756173502
11 -0.050480909176936796 2.8095412212564144 8.452038749504275
17 2.8470422792342904 2.830732956125317 8.477768635451994
11 2.787308569529083 -0.006480681684638473 8.499198773503066
17 0.07467155726103804 -0.06295327660520601 8.535696188736953
11 2.887293771189115 2.859065570035021 5.653222781516465
17 -0.01569614072682139 2.8929010341768477 5.738012915822498
11 0.09008174349330626 5.705755188236719 0.0178690205329478
17 2.7595840683858914 5.639777293343996 0.032823746753816795
11 -0.06441807318747772 8.4797561030091 2.841493184741111
17 2.8548021361981433 8.40079410166214 2.7869148713980483
11 2.798178237642839 5.581509904611356 2.9069683938565065
17 -0.024795536422107595 5.65644848147301 2.8070713727263037
11 2.899173643940106 8.526018049354091 0.03166763114124576
17 -0.11017549403233254 8.462601448712993 0.03418430953882672
11 0.05019807879210848 5.60910464776462 5.731100568166416
17 2.7539784514993353 5.606923598909239 5.686752499405701
11 0.002452730691265583 8.560119629182262 8.469425959625623
17 2.7883402954903884 8.441121824738358 8.405442694119039
11 2.7561159916806695 5.671520574538412 8.489058290620639
17 0.06472794097205585 5.602269710437003 8.544455372622183
11 2.8056306146095666 8.538720413942228 5.6183607076408695
17 -0.036774164617113754 8.472489268577933 5.6915726542434735
11 5.648050478835767 -0.029276441206166834 -0.06706098570383345
17 8.389923989254127 0.025134142493743284 0.04948565166429025
11 5.631785270368735 2.7662817570885783 2.863652107631085
17 8.39598030276427 2.7843465952470363 2.8510508926770046
11 8.347492941321269 0.019318479878315295 2.7909179581795245
17 5.64546398487389 -0.003785076311041156 2.830105719752198
11 8.49470859683535 2.7820815124550795 0.07104910111559581
17 5.676304689447388 2.8621866331151633 0.05824319905555141
11 5.679379411085293 0.04220393402892961 5.643779680537144
17 8.388661307450512 -0.006752255001850696 5.601524267991165
11 5.568862911574229 2.8329226395456493 8.431572527292618
17 8.408509778099425 2.7678499459964216 8.473420853985445
11 8.477933597458517 0.06612287348834166 8.459304266573794
17 5.692091987960641 0.07011324133862612 8.517508281807483
11 8.341734804686151 2.881434185960171 5.656981000412432
17 5.661188567642667 2.8385613708868127 5.659137858013538
11 5.6559707110126185 5.622054334573068 -0.09508176491879973
17 8.454554263604628 5.599813407573966 0.05400817062689426
11 5.625561674700231 8.464173767805349 2.7775197022194926
17 8.434468876605093 8.45942334691567 2.7457312407868226
11 8.47503425571473 5.634696387327613 2.760714009749738
17 5.520088356730112 5.665652606694015 2.805120798052833
11 8.433499579339092 8.448192268507352 0.0908237970440572
17 5.637509951547018 8.464330963149425 -0.07435364348376991
11 5.722366953317804 5.6858743991722145 5.693346743350259
17 8.462383636560583 5.68583273944123 5.65854734175472
11 5.67065945389295 8.452390352079584 8.3863056025979
17 8.511442717390159 8.363252018169513 8.448003166437097
11 8.449773875580016 5.587856992950774 8.490656156816828
17 5.629983514929521 5.618156583720135 8.485992086548881
11 8.436171047972078 8.529448998741914 5.657572753809365
17 5.616283350658278 8.362786751200721 5.574612340154943
11.28 0.0 0.0 0.0 11.28 0.0 0.0 0.0 11.28
